7.235181872234842937e-02 -6.404591754782106017e-03
1.120507899518286443e+00 2.139691121287244924e-01
1.137954134064746770e+00 6.584874686223085583e-01
-2.189467351307194942e-01 9.471426793824390122e-01
-1.777373684076323512e-02 2.948034182430530736e-03
1.138596493085143102e+00 4.073709889704100195e-01
1.016923802804680976e+00 8.924997853924933056e-01
1.307454489221036298e-01 1.068326572244387762e+00
8.616426258604530097e-02 1.792036040741106229e-01
1.369051467438546554e+00 -7.040342592126203752e-03
1.026653327113645986e+00 1.118106984110537550e+00
4.214522008163323202e-02 9.732449374909224460e-01
-4.009207817165365562e-01 1.913525782343443171e-01
7.525131353012339819e-01 -2.056309385330291617e-01
7.900113748666318658e-01 1.135727818510789078e+00
2.541596524965532011e-01 9.636932835841381939e-01
1.383178343496413165e-01 -1.830911563006815818e-02
1.136796840349483695e+00 5.041638219556717837e-04
1.053636266665993526e+00 9.477613458705825833e-01
2.943187035139473162e-02 5.663317281331690101e-01
-2.758379138745953862e-01 1.714896004544972097e-01
1.142946057373884106e+00 -3.312935219592407776e-01
9.468942026435605008e-01 1.281157060580523810e+00
-3.890697673078471475e-01 1.099562244820037726e+00
-9.157326150972288845e-03 2.626405102648147194e-01
1.104799191283439175e+00 3.169803832589909165e-01
1.269998713589594708e+00 9.265234289616413044e-01
3.009736727980583115e-01 7.176009521382786804e-01
-1.434024247877978275e-01 9.778919894629113912e-04
1.183305698732526778e+00 -1.966648475948743480e-01
1.124035050564361704e+00 1.199610052981841868e+00
9.391778423749339022e-02 1.028074203020429733e+00
1.459931415312607228e-01 9.165026469149302468e-02
1.248663510138713351e+00 -2.066310758575789497e-01
1.339116556963133586e+00 8.998904214932146317e-01
-5.532887637784026508e-02 1.479536974917869729e+00
1.326825615703919325e-02 2.126642190025306023e-02
9.440270913860557833e-01 -2.891202189087926366e-01
8.198370242660507623e-01 1.328511207286532159e+00
-7.602699893580719404e-02 9.177347851040537074e-01
1.037473722345451654e-01 7.845799874828283949e-02
1.057773319801481371e+00 2.639774158496876466e-01
1.406748421598838172e+00 8.880985651639923262e-01
6.667961376325002298e-01 9.431637478642344030e-01
2.927887981566796860e-01 3.322252984277789811e-01
1.128520675131155393e+00 1.117423686743914714e-02
1.288052592398333029e+00 1.176104119987154917e+00
8.483371511649379082e-02 8.061707263487256636e-01
-2.760230819455586904e-01 -3.058611244204016422e-01
1.190189258173730558e+00 -3.786495917074841899e-01
8.068262236100337548e-01 1.447082075785715016e+00
1.856951797105828028e-01 8.455238550191175317e-01
-3.079927194584355932e-01 -1.459401795150666314e-01
8.292968779944416280e-01 -2.271339564940601241e-02
8.261083468777492556e-01 1.100619743060295530e+00
2.567676669891432173e-01 1.317088244817339326e+00
1.717288975716896593e-01 -1.892585376962691301e-01
7.836741362673463884e-01 -1.654686248390134853e-02
1.087929352990835818e+00 8.347315744986516517e-01
1.337410504268587985e-01 9.538299976170817596e-01
9.614111216667374504e-02 -8.879687488124525518e-02
9.926222808919985541e-01 -1.770336745047863813e-01
1.218760936212050394e+00 9.584968997817217007e-01
1.791812150140349447e-01 1.075858186466656763e+00
5.229527332269739287e-02 -1.235822857373238270e-01
1.119286146201659005e+00 -1.050532502825455294e-01
7.315965569871579754e-01 1.023299166774833013e+00
-2.097671348382446066e-02 1.032374013792994649e+00
-9.217474986696830297e-02 1.307333681516353319e-01
6.548084320251144064e-01 -1.972168714928213828e-01
9.416390685419157025e-01 7.032628477891158525e-01
-2.996326960145894724e-01 1.113257803840538296e+00
3.104757469457484209e-01 -5.613981825638935524e-02
6.545929145116761161e-01 3.518398111581158005e-01
1.316577262402759407e+00 7.560819805951526362e-01
-1.620476967784165445e-01 1.137930717385660095e+00
-1.269344765166669775e-01 -1.931237759849295799e-01
1.181844049931614515e+00 -2.138747306400679005e-01
8.069349542896567806e-01 7.168744538799527444e-01
2.213804340267470361e-01 7.827913671684795238e-01
-1.341056021220456418e-01 -7.536845529990938986e-02
8.111008680283884331e-01 -1.187247364674940409e-01
8.443909253924940517e-01 1.071365836905290747e+00
-1.743602623251195791e-02 1.035118527208800376e+00
2.394905572231007251e-01 -2.660993351647131799e-01
1.300624838832658892e+00 9.133280928381920516e-02
1.151193426025415745e+00 1.137851546390451496e+00
1.053937841425229005e-01 1.134391489999408975e+00
6.233220338338334859e-02 2.641625812970021525e-01
9.621013804398675928e-01 -1.471314485781105574e-01
1.163362795144342599e+00 1.156175019597533993e+00
1.194349107159007883e-01 1.274996779485574550e+00
-1.298634717262921456e-01 1.270958000625170281e-01
1.072235242803190491e+00 -2.930972667603858328e-01
1.091606262350897527e+00 1.241324638955002557e+00
1.411708033760296632e-01 1.168125195281950912e+00
1.176071177592361190e-02 1.565407651056259786e-01
8.354229384914151346e-01 1.080923611407813567e-01
8.340335007629613440e-01 8.119788050876777241e-01
-8.763177016528444011e-03 1.157758156598203803e+00
